         330
           1        5751           4           1
           1        5752           2           4
           2        5753           2           4
           3        5754           2           4
           4        5755           2           4
           5        5756           2           4
           6        5757           2           4
           7        5758           2           4
           8        5759           2           4
           9        5760           2           4
          10        5761           2           4
          11        5762           2           4
          12        5763           2           4
          13        5764           2           4
          14        5765           2           4
          15        5766           2           4
          16        5767           2           4
          17        5768           2           4
          18        5769           2           4
          19        5770           2           4
          20        5771           2           4
          21        5772           2           4
          22        5773           2           4
          23        5774           2           4
          24        5775           2           4
          25        5776           2           4
          26        5777           2           4
          27        5778           2           4
          28        5779           2           4
          29        5780           2           4
          30        5781           2           4
          31        5782           2           4
          32        5783           2           4
          33        5784           2           4
          34        5785           2           4
          35        5786           2           4
          36        5787           2           4
          37        5788           2           4
          38        5789           2           4
          39        5790           2           4
          40        5791           2           4
          41        5792           2           4
          42        5793           2           4
          43        5794           2           4
          44        5795           2           4
          45        5796           2           4
          46        5797           2           4
          47        5798           2           4
          48        5799           2           4
          49        5800           2           4
          50        5801           5           3
          50        5802           2           4
          51        5803           4           1
         100        5804           5           3
         101        5805           4           1
         150        5806           5           3
         151        5807           4           1
         200        5808           5           3
         201        5809           4           1
         250        5810           5           3
         251        5811           4           1
         300        5812           5           3
         301        5813           4           1
         350        5814           5           3
         351        5815           4           1
         400        5816           5           3
         401        5817           4           1
         450        5818           5           3
         451        5819           4           1
         500        5820           5           3
         501        5821           4           1
         550        5822           5           3
         551        5823           4           1
         600        5824           5           3
         601        5825           4           1
         650        5826           5           3
         651        5827           4           1
         700        5828           5           3
         701        5829           4           1
         750        5830           5           3
         751        5831           4           1
         800        5832           5           3
         801        5833           4           1
         850        5834           5           3
         851        5835           4           1
         900        5836           5           3
         901        5837           4           1
         950        5838           5           3
         951        5839           4           1
        1000        5840           5           3
        1001        5841           4           1
        1050        5842           5           3
        1051        5843           4           1
        1100        5844           5           3
        1101        5845           4           1
        1150        5846           5           3
        1151        5847           4           1
        1200        5848           5           3
        1201        5849           4           1
        1250        5850           5           3
        1251        5851           4           1
        1300        5852           5           3
        1301        5853           4           1
        1350        5854           5           3
        1351        5855           4           1
        1400        5856           5           3
        1401        5857           4           1
        1450        5858           5           3
        1451        5859           4           1
        1500        5860           5           3
        1501        5861           4           1
        1550        5862           5           3
        1551        5863           4           1
        1600        5864           5           3
        1601        5865           4           1
        1650        5866           5           3
        1651        5867           4           1
        1700        5868           5           3
        1701        5869           4           1
        1750        5870           5           3
        1751        5871           4           1
        1800        5872           5           3
        1801        5873           4           1
        1850        5874           5           3
        1851        5875           4           1
        1900        5876           5           3
        1901        5877           4           1
        1950        5878           5           3
        1951        5879           4           1
        2000        5880           5           3
        2001        5881           4           1
        2050        5882           5           3
        2051        5883           4           1
        2100        5884           5           3
        2101        5885           4           1
        2150        5886           5           3
        2151        5887           4           1
        2200        5888           5           3
        2201        5889           4           1
        2250        5890           5           3
        2251        5891           4           1
        2300        5892           5           3
        2301        5893           4           1
        2350        5894           5           3
        2351        5895           4           1
        2400        5896           5           3
        2401        5897           4           1
        2450        5898           5           3
        2451        5899           4           1
        2500        5900           5           3
        2501        5901           4           1
        2550        5902           5           3
        2551        5903           4           1
        2600        5904           5           3
        2601        5905           4           1
        2650        5906           5           3
        2651        5907           4           1
        2700        5908           5           3
        2701        5909           4           1
        2750        5910           5           3
        2751        5911           4           1
        2800        5912           5           3
        2801        5913           4           1
        2850        5914           5           3
        2851        5915           4           1
        2900        5916           5           3
        2901        5917           4           1
        2950        5918           5           3
        2951        5919           4           1
        3000        5920           5           3
        3001        5921           4           1
        3050        5922           5           3
        3051        5923           4           1
        3100        5924           5           3
        3101        5925           4           1
        3150        5926           5           3
        3151        5927           4           1
        3200        5928           5           3
        3201        5929           4           1
        3250        5930           5           3
        3251        5931           4           1
        3300        5932           5           3
        3301        5933           4           1
        3350        5934           5           3
        3351        5935           4           1
        3400        5936           5           3
        3401        5937           4           1
        3450        5938           5           3
        3451        5939           4           1
        3500        5940           5           3
        3501        5941           4           1
        3550        5942           5           3
        3551        5943           4           1
        3600        5944           5           3
        3601        5945           4           1
        3650        5946           5           3
        3651        5947           4           1
        3700        5948           5           3
        3701        5949           4           1
        3750        5950           5           3
        3751        5951           4           1
        3800        5952           5           3
        3801        5953           4           1
        3850        5954           5           3
        3851        5955           4           1
        3900        5956           5           3
        3901        5957           4           1
        3950        5958           5           3
        3951        5959           4           1
        4000        5960           5           3
        4001        5961           4           1
        4050        5962           5           3
        4051        5963           4           1
        4100        5964           5           3
        4101        5965           4           1
        4150        5966           5           3
        4151        5967           4           1
        4200        5968           5           3
        4201        5969           4           1
        4250        5970           5           3
        4251        5971           4           1
        4300        5972           5           3
        4301        5973           4           1
        4350        5974           5           3
        4351        5975           4           1
        4400        5976           5           3
        4401        5977           4           1
        4450        5978           5           3
        4451        5979           4           1
        4500        5980           5           3
        4501        5981           4           1
        4550        5982           5           3
        4551        5983           4           1
        4600        5984           5           3
        4601        5985           4           1
        4650        5986           5           3
        4651        5987           4           1
        4700        5988           5           3
        4701        5989           4           1
        4750        5990           5           3
        4751        5991           4           1
        4800        5992           5           3
        4801        5993           4           1
        4850        5994           5           3
        4851        5995           4           1
        4900        5996           5           3
        4901        5997           4           1
        4950        5998           5           3
        4951        5999           4           1
        5000        6000           5           3
        5001        6001           4           1
        5050        6002           5           3
        5051        6003           4           1
        5100        6004           5           3
        5101        6005           4           1
        5150        6006           5           3
        5151        6007           4           1
        5200        6008           5           3
        5201        6009           4           1
        5250        6010           5           3
        5251        6011           4           1
        5300        6012           5           3
        5301        6013           4           1
        5350        6014           5           3
        5351        6015           4           1
        5400        6016           5           3
        5401        6017           4           1
        5450        6018           5           3
        5451        6019           4           1
        5500        6020           5           3
        5501        6021           4           1
        5550        6022           5           3
        5551        6023           4           1
        5600        6024           5           3
        5601        6025           4           1
        5650        6026           5           3
        5651        6027           4           1
        5700        6028           5           3
        5701        6029           4           1
        5701        6030           3           2
        5702        6031           3           2
        5703        6032           3           2
        5704        6033           3           2
        5705        6034           3           2
        5706        6035           3           2
        5707        6036           3           2
        5708        6037           3           2
        5709        6038           3           2
        5710        6039           3           2
        5711        6040           3           2
        5712        6041           3           2
        5713        6042           3           2
        5714        6043           3           2
        5715        6044           3           2
        5716        6045           3           2
        5717        6046           3           2
        5718        6047           3           2
        5719        6048           3           2
        5720        6049           3           2
        5721        6050           3           2
        5722        6051           3           2
        5723        6052           3           2
        5724        6053           3           2
        5725        6054           3           2
        5726        6055           3           2
        5727        6056           3           2
        5728        6057           3           2
        5729        6058           3           2
        5730        6059           3           2
        5731        6060           3           2
        5732        6061           3           2
        5733        6062           3           2
        5734        6063           3           2
        5735        6064           3           2
        5736        6065           3           2
        5737        6066           3           2
        5738        6067           3           2
        5739        6068           3           2
        5740        6069           3           2
        5741        6070           3           2
        5742        6071           3           2
        5743        6072           3           2
        5744        6073           3           2
        5745        6074           3           2
        5746        6075           3           2
        5747        6076           3           2
        5748        6077           3           2
        5749        6078           3           2
        5750        6079           3           2
        5750        6080           5           3
